1435
0 0 0 1
0 1 -1 1
0 1 -1 1
0 1 -1 1
0 1 -1 1
0 1 -1 1
0 1 -1 1
0 48 -2 1
0 48 -2 1
0 48 -2 1
0 48 -2 1
0 48 -2 1
0 48 -2 1
0 48 -2 1
0 92 -16 1
0 92 -17 1
0 92 -17 1
0 92 -17 1
0 92 -17 1
0 92 -17 1
0 92 -17 1
0 134 -11 1
0 134 -11 1
0 134 -11 1
0 134 -11 1
0 134 -11 1
0 134 -11 1
0 146 -14 1
0 147 -14 1
0 148 -14 1
0 148 -14 1
0 148 -14 1
0 148 -14 1
0 148 -14 1
0 132 34 -1
0 129 28 -1
0 129 28 -1
0 129 28 -1
0 129 28 -1
0 129 28 -1
0 129 28 -1
0 129 28 -1
0 129 28 -1
0 -3 46 1
0 -1 43 1
0 -1 43 1
0 -1 43 1
0 -1 43 1
0 -1 43 1
0 -1 43 1
0 0 75 1
0 0 74 1
0 0 74 1
0 0 74 1
0 0 74 1
0 0 74 1
0 0 74 1
0 0 92 1
0 0 92 1
0 0 92 1
0 52 65 1
0 52 63 1
0 53 62 1
0 53 62 1
0 53 62 1
0 53 62 1
0 53 62 1
0 48 53 1
0 48 53 1
0 48 53 1
0 48 49 1
0 48 49 1
0 46 47 1
0 46 47 1
0 48 45 1
0 53 42 1
0 66 39 1
0 80 34 1
0 82 32 1
0 121 -9 1
0 121 -9 1
0 96 -5 1
0 90 3 1
0 73 23 1
0 86 28 1
0 83 41 1
0 83 45 1
0 80 54 1
0 63 80 1
0 45 94 1
0 38 92 1
0 29 89 1
0 30 88 1
0 50 84 1
0 75 81 1
0 87 78 1
0 90 77 1
0 101 79 1
0 109 78 1
0 109 78 1
0 111 77 1
0 194 18 1
0 187 21 1
0 184 21 1
0 184 21 1
0 199 20 -1
0 211 26 -1
0 211 26 -1
0 214 23 -1
0 214 19 -1
0 196 20 -1
0 196 20 -1
0 687 134 -1
0 687 134 -1
0 687 134 -1
0 687 134 -1
0 687 134 -1
0 687 134 -1
0 687 134 -1
1 281 4 -1
1 281 4 -1
1 283 4 1
1 284 4 1
1 284 4 1
1 284 4 1
1 284 4 1
1 284 4 1
1 285 4 1
1 285 4 1
1 318 5 1
1 318 5 1
1 318 5 1
1 318 5 1
1 318 5 1
1 318 5 1
1 318 6 1
1 318 6 1
1 340 -6 1
1 340 -5 1
1 340 -5 1
1 338 2 1
1 338 2 1
1 335 6 1
1 335 6 1
1 335 6 1
1 335 7 1
1 211 -7 1
1 211 -7 1
1 211 -8 1
1 211 -8 1
1 212 -8 1
1 212 -8 1
1 212 -8 1
1 212 -8 1
1 188 5 1
1 188 5 1
1 189 4 1
1 186 -5 1
1 186 -5 1
1 204 -11 1
1 204 -11 1
1 204 -11 1
1 204 -11 1
1 205 -12 1
1 205 -12 1
1 205 -12 1
4 199 50 1
4 196 45 1
4 196 45 1
4 196 45 1
4 196 45 1
4 196 45 1
4 197 45 1
4 197 45 1
4 200 40 1
4 201 38 1
4 208 24 1
4 208 24 1
4 194 47 1
4 194 49 1
4 194 60 1
4 194 60 1
4 269 1 1
4 268 2 1
4 267 2 1
4 262 2 1
4 263 1 1
4 255 5 1
4 253 0 1
4 254 0 1
4 254 9 1
4 261 3 1
4 270 -5 1
4 270 -4 1
4 270 -4 1
4 270 -4 1
4 270 -4 1
4 270 -4 1
4 251 11 1
4 250 11 1
4 251 3 1
4 252 -3 1
4 252 -7 1
4 258 5 1
4 276 8 1
4 289 58 1
4 314 54 1
4 277 77 1
4 277 77 1
4 278 78 1
4 273 91 1
4 288 63 1
4 298 67 1
4 295 71 1
4 283 99 1
4 278 93 1
4 277 94 1
4 278 84 1
4 277 81 1
4 279 80 1
4 265 82 1
4 255 88 1
4 248 89 1
4 240 95 1
4 239 95 1
4 239 95 1
4 239 94 1
1 268 73 1
1 268 72 1
1 269 72 1
1 258 78 1
1 256 78 1
1 255 79 1
1 263 71 1
1 276 55 1
1 280 52 1
1 290 41 1
1 291 39 1
1 291 38 1
1 266 65 1
1 252 76 1
1 241 84 1
1 241 83 1
1 273 76 1
1 284 65 1
1 304 38 1
1 353 15 1
1 337 32 1
1 333 30 1
1 347 31 1
1 351 33 1
1 356 39 1
1 350 22 1
1 348 13 1
1 316 -1 1
1 306 -5 1
1 298 -10 1
1 342 0 1
1 348 1 1
1 349 2 1
2 404 19 1
2 404 18 1
2 404 18 1
2 404 18 1
2 406 12 1
2 408 6 1
2 413 0 1
2 446 -1 1
2 460 5 1
2 461 6 1
2 430 5 1
2 423 2 1
2 422 0 1
2 426 -3 1
2 441 -3 1
2 454 -3 1
2 465 -4 1
2 473 -9 1
2 473 -8 1
2 474 -9 1
2 474 -8 1
2 474 -8 1
2 474 -8 1
2 473 -7 1
2 473 -7 1
2 468 -2 1
2 461 19 1
2 462 22 1
2 464 20 1
2 465 19 1
2 465 19 1
2 466 19 1
2 466 20 1
2 468 76 1
2 468 76 1
2 468 76 1
2 477 72 1
2 492 65 1
2 503 47 1
2 511 21 1
2 530 -7 1
2 538 -12 1
2 541 -12 1
2 541 -13 1
2 536 22 1
2 533 21 1
2 499 8 1
2 485 13 1
2 522 7 1
2 516 11 1
2 523 8 1
2 554 15 1
2 558 23 1
2 558 27 1
2 542 23 1
2 507 8 1
2 458 2 1
2 439 0 1
2 407 3 1
2 394 -1 1
2 396 -13 1
2 416 -15 1
2 410 22 1
2 430 28 1
2 450 23 1
2 483 53 1
2 482 68 1
2 483 88 1
2 491 71 1
2 515 -15 1
2 529 -6 1
2 538 2 1
2 553 21 1
2 554 27 1
2 551 20 1
2 504 -11 1
2 502 -5 1
2 561 -8 1
2 461 20 1
2 478 47 1
2 476 88 1
2 481 93 1
2 483 90 1
0 586 58 1
0 602 79 1
0 598 70 1
0 599 58 1
0 601 49 1
0 603 36 1
0 605 21 1
0 606 16 1
0 606 15 1
0 600 10 1
0 601 0 1
0 604 -10 1
0 623 1 1
0 645 0 1
0 650 1 1
0 674 5 1
0 694 5 1
0 703 5 1
0 703 5 1
0 668 0 1
0 639 1 1
0 609 -1 1
0 627 -6 1
0 688 7 1
0 743 19 1
0 733 18 1
0 737 10 1
0 752 12 1
0 754 11 1
0 757 41 1
0 757 68 1
0 759 93 1
0 761 90 1
0 764 71 1
0 764 53 1
0 766 6 1
0 757 -3 1
0 745 -6 1
0 755 38 1
0 755 40 1
0 747 26 1
0 723 15 1
0 698 9 1
0 661 3 1
0 642 3 1
0 622 3 1
0 701 -8 1
0 733 1 1
0 718 20 1
0 702 23 1
0 670 23 1
0 642 26 1
0 624 36 1
0 624 36 1
0 620 49 1
0 632 37 1
0 650 24 1
0 664 22 1
0 695 22 1
0 748 38 1
0 686 29 1
0 606 25 1
0 606 20 1
0 607 -5 1
0 606 -10 1
0 605 19 1
0 614 56 1
0 614 78 1
0 611 87 1
0 611 93 1
0 610 93 1
0 606 88 1
0 595 88 1
0 596 80 1
0 598 70 1
0 601 58 1
0 617 34 1
0 662 15 1
0 672 10 1
0 663 18 1
1 4 136 1
1 4 136 1
1 4 138 1
1 5 138 1
1 1 141 1
1 3 134 1
1 9 133 1
1 20 133 1
1 35 129 1
1 63 136 1
1 69 135 1
1 70 138 1
1 54 145 1
1 37 140 1
1 41 138 1
1 58 137 1
1 80 133 1
1 89 128 1
1 110 124 1
1 111 123 1
1 91 120 1
1 80 142 1
1 84 146 1
1 94 138 1
1 99 133 1
1 90 144 1
1 86 152 1
1 62 161 1
1 35 170 1
1 19 177 1
1 7 193 1
1 0 206 1
1 -4 218 1
1 -6 215 1
1 1 180 1
1 2 177 1
1 2 178 1
1 2 178 1
1 12 207 1
1 21 212 1
1 25 211 1
1 14 214 1
1 14 199 1
1 26 181 1
1 44 161 1
1 54 158 1
1 74 158 1
1 94 170 1
1 110 197 1
1 93 230 1
1 94 228 1
1 105 214 1
1 105 214 1
1 106 214 1
1 107 213 1
1 112 204 1
1 114 202 1
1 115 208 1
1 125 224 1
1 149 220 1
1 155 220 1
1 162 218 1
1 164 219 1
1 166 211 1
1 170 187 1
1 170 177 1
1 170 170 1
1 174 162 1
1 173 164 1
1 170 171 1
1 164 204 1
1 140 232 1
1 127 239 1
1 122 228 1
1 106 220 1
1 104 206 1
1 103 197 1
1 81 164 1
1 45 173 1
1 21 181 1
1 13 195 1
1 12 210 1
1 6 219 1
1 5 207 1
1 -3 189 1
1 3 162 1
1 13 147 1
1 24 141 1
1 26 144 1
1 38 143 1
6 153 165 -1
6 153 165 -1
6 149 154 -1
6 139 164 -1
6 137 166 -1
6 143 156 -1
6 148 150 -1
6 153 153 1
6 155 156 1
6 154 156 1
6 151 159 1
6 152 156 1
6 143 168 1
6 141 169 1
6 147 152 1
6 149 147 1
6 140 170 1
6 144 158 -1
6 151 151 -1
6 156 151 -1
6 134 182 1
6 125 197 1
6 127 193 1
6 142 199 1
6 149 200 1
6 150 201 1
6 153 203 1
1 196 220 1
1 195 213 1
1 192 181 1
1 194 175 1
1 211 217 1
1 190 214 1
1 190 209 1
1 193 199 1
1 193 200 1
1 196 194 -1
1 194 195 -1
1 191 224 -1
1 196 240 -1
1 201 235 -1
1 205 225 -1
1 206 215 -1
1 207 206 -1
1 204 194 -1
1 196 181 -1
1 195 175 -1
1 186 177 -1
1 189 169 -1
1 187 156 -1
1 187 159 -1
1 191 209 -1
1 192 221 -1
1 223 221 -1
1 226 215 -1
1 200 185 -1
1 194 152 -1
1 192 171 -1
1 187 229 -1
1 187 233 -1
1 187 233 -1
2 243 128 1
2 244 127 1
2 263 147 1
2 265 146 1
2 273 150 1
2 271 142 1
2 269 133 1
2 277 133 1
2 298 170 1
2 304 205 1
2 303 210 1
2 268 210 1
2 243 217 1
2 227 222 1
2 206 218 1
2 202 202 1
2 198 188 1
2 197 159 1
2 194 146 1
2 194 154 1
2 195 199 1
2 197 205 1
2 201 211 1
2 221 206 1
2 258 210 1
2 267 195 1
2 279 173 1
2 276 121 1
2 254 135 1
2 272 138 1
2 321 189 1
2 341 218 1
2 353 218 1
2 362 172 1
2 361 177 1
2 354 210 1
2 339 214 1
2 317 217 1
2 294 215 1
2 258 216 1
2 230 220 1
2 215 220 1
2 205 215 1
2 197 201 1
2 199 174 1
2 184 175 1
2 190 207 1
2 196 227 1
2 204 231 1
2 209 144 -1
2 217 145 -1
2 225 161 -1
2 229 165 -1
2 234 165 -1
0 466 131 1
0 464 132 1
0 452 155 1
0 452 169 1
0 452 190 1
0 453 208 1
0 450 215 1
0 413 209 1
0 401 209 1
0 392 207 1
0 391 192 1
0 392 168 1
0 395 124 1
0 395 202 1
0 446 211 1
0 496 209 1
0 506 210 1
0 543 197 1
0 552 199 1
0 500 207 1
0 450 226 1
0 415 221 1
0 389 218 1
0 425 203 1
0 454 167 1
0 481 108 1
0 472 143 1
0 474 177 1
0 511 193 1
0 543 194 1
0 535 199 1
0 503 218 1
0 465 223 1
0 435 216 1
0 395 210 1
0 391 194 1
0 394 185 1
0 395 180 1
0 424 153 -1
0 423 154 -1
0 424 175 -1
0 422 176 -1
0 422 170 -1
0 423 124 -1
0 422 110 -1
0 422 102 -1
0 398 109 -1
0 391 117 -1
0 381 120 -1
0 378 122 -1
1 615 135 1
1 603 141 1
1 602 145 1
1 602 153 1
1 606 166 1
1 612 177 1
1 616 193 1
1 611 208 1
1 598 221 1
1 599 221 1
1 614 217 1
1 636 220 1
1 640 222 1
1 669 218 1
1 685 217 1
1 717 220 1
1 738 215 1
1 749 205 1
1 758 194 1
1 771 143 1
1 751 113 1
1 763 149 1
1 761 177 1
1 758 206 1
1 733 207 1
1 689 209 1
1 631 214 1
1 617 213 1
1 610 207 1
1 607 193 1
1 599 152 1
1 606 133 1
1 613 123 1
1 662 145 1
1 664 145 1
1 674 149 1
1 696 160 1
1 707 162 1
1 708 165 1
1 683 118 -1
1 687 125 -1
1 695 132 -1
1 702 140 -1
1 705 141 -1
1 710 149 -1
1 713 156 -1
1 715 187 -1
1 674 198 -1
1 666 195 -1
1 660 192 -1
1 656 187 -1
1 656 186 -1
1 656 185 -1
1 665 146 -1
1 665 147 -1
1 641 134 -1
1 633 214 1
1 647 229 1
1 647 231 1
1 647 230 1
1 647 230 1
1 639 225 1
1 639 225 1
1 751 202 1
1 750 202 1
1 748 205 1
1 749 206 1
1 751 202 1
1 751 206 1
1 751 205 1
1 756 198 1
1 770 133 1
1 770 133 1
1 770 133 1
1 770 133 1
1 770 133 1
1 764 156 1
1 764 155 1
1 763 161 1
1 763 161 1
2 0 272 1
2 1 272 1
2 0 283 1
2 -1 289 1
2 -1 288 1
2 7 300 1
2 7 317 1
2 5 324 1
2 1 337 1
2 -5 353 1
2 -7 348 1
2 -4 309 1
2 -2 291 1
2 -1 255 1
2 -3 252 1
2 -10 277 1
2 -11 330 1
2 18 348 1
2 60 360 1
2 95 352 1
2 133 354 1
2 136 349 1
2 140 346 1
2 141 340 1
2 143 328 1
2 145 312 1
2 148 302 1
2 150 300 1
2 153 329 1
2 150 350 1
2 103 354 1
2 88 355 1
2 56 354 1
2 30 354 1
2 14 354 1
2 -7 356 1
2 -7 358 1
2 149 360 1
2 145 346 1
2 142 333 1
2 136 305 1
2 136 305 1
2 136 303 1
2 147 307 1
2 167 345 1
2 166 347 1
2 165 343 1
2 165 343 1
2 162 355 1
2 46 346 1
2 10 341 1
2 13 250 1
2 1 274 1
2 0 360 1
2 11 351 1
2 58 326 -1
2 60 325 -1
2 50 338 -1
2 50 337 -1
2 72 340 -1
2 77 332 -1
2 83 323 -1
2 38 317 -1
2 45 311 -1
0 201 263 1
0 200 264 1
0 201 297 1
0 202 314 1
0 205 338 1
0 204 350 1
0 204 350 1
0 204 350 1
0 205 307 1
0 205 295 1
0 207 259 1
0 200 262 1
0 194 307 1
0 194 339 1
0 195 352 1
0 199 326 1
0 203 278 1
0 203 241 1
0 198 273 1
0 200 312 1
0 203 320 1
0 204 329 1
0 215 311 1
0 244 288 1
0 259 293 1
0 258 311 1
0 252 317 1
0 256 313 1
0 267 300 1
0 278 281 1
0 279 274 1
0 283 269 1
0 286 265 1
0 287 266 1
0 264 294 1
0 260 297 1
0 245 311 1
0 229 326 1
0 231 323 1
0 250 313 1
0 259 298 1
0 269 283 1
0 277 276 1
0 283 268 1
0 309 244 -1
0 266 245 -1
0 303 271 -1
0 289 260 -1
0 255 268 -1
0 278 222 -1
0 278 222 -1
0 282 224 -1
0 307 243 -1
0 308 256 -1
0 311 293 -1
0 306 311 -1
0 295 336 -1
0 279 351 -1
0 287 343 -1
0 289 343 -1
0 304 314 -1
0 314 246 -1
0 281 243 -1
0 256 249 -1
0 253 248 -1
0 293 240 -1
0 315 261 -1
0 315 276 -1
0 313 284 -1
0 313 279 -1
0 254 252 -1
0 252 256 -1
0 253 259 -1
0 253 261 -1
0 253 263 -1
0 253 263 -1
0 253 264 -1
0 253 264 -1
0 352 257 -1
0 352 260 -1
0 352 277 -1
0 353 298 -1
0 350 314 1
0 348 325 1
0 338 333 1
0 317 336 1
0 307 339 1
0 304 336 1
0 340 342 1
0 356 345 1
0 359 345 1
0 360 308 1
0 361 281 1
0 360 251 1
0 353 244 1
0 336 246 1
0 343 265 1
0 346 293 1
0 346 283 1
0 348 267 1
0 346 306 1
0 338 338 1
0 352 332 1
0 363 349 1
0 365 348 1
0 366 348 1
0 344 352 1
0 277 344 -1
0 278 343 -1
0 290 337 -1
0 299 336 -1
0 300 338 -1
0 321 330 1
0 312 335 1
0 313 333 1
0 347 318 1
0 347 317 1
1 520 306 1
1 506 317 1
1 494 335 1
1 493 345 1
1 486 354 1
1 489 342 1
1 496 323 1
1 498 307 1
1 498 287 1
1 497 271 1
1 499 263 1
1 495 252 1
1 495 282 1
1 533 309 1
1 544 293 1
1 550 287 1
1 547 291 1
1 519 332 1
1 515 340 1
1 513 337 1
1 550 279 1
1 551 284 1
1 576 279 -1
1 574 278 -1
1 568 254 -1
1 562 246 -1
1 536 244 -1
1 528 246 -1
1 584 286 -1
1 571 326 -1
1 553 348 -1
1 530 353 -1
1 527 355 -1
1 536 356 -1
1 579 348 -1
1 541 369 1
1 577 338 1
1 503 315 1
1 503 315 1
1 511 317 1
1 523 313 1
1 561 343 -1
1 562 344 -1
1 572 327 -1
1 576 328 -1
1 554 356 -1
1 540 355 -1
1 599 357 -1
1 596 358 -1
1 541 362 -1
1 534 370 -1
2 618 312 -1
2 619 313 -1
2 618 322 1
2 617 321 1
2 613 325 1
2 614 324 1
2 620 308 1
2 623 299 1
2 624 286 1
2 626 267 1
2 627 250 1
2 626 252 1
2 620 302 1
2 618 318 1
2 617 335 1
2 619 345 1
2 630 348 1
2 643 360 1
2 646 359 1
2 646 357 1
2 613 331 1
2 611 338 1
2 604 331 1
2 627 333 1
2 651 351 1
2 650 240 1
2 644 255 1
2 642 251 1
2 629 245 1
2 620 251 1
2 641 247 1
2 652 253 1
2 646 266 1
2 651 263 1
0 759 262 1
0 758 263 1
0 757 288 1
0 754 309 1
0 752 324 1
0 750 358 1
0 750 370 1
0 754 359 1
0 755 360 1
0 757 349 1
0 759 332 1
0 763 311 1
0 763 282 1
0 763 269 1
0 765 259 1
0 764 267 1
0 764 307 1
0 767 338 1
0 765 358 1
0 760 366 1
0 758 364 1
0 764 350 1
0 766 272 1
0 762 252 1
0 761 247 1
0 762 242 1
0 720 282 -1
0 723 315 -1
0 721 329 -1
0 708 334 -1
0 709 333 -1
0 720 284 -1
0 717 288 -1
0 302 317 -1
0 308 315 -1
0 307 328 -1
0 302 334 -1
0 303 332 -1
0 305 341 -1
0 303 338 -1
0 303 337 1
0 319 331 1
0 319 331 1
0 321 331 1
0 326 329 1
0 333 330 1
0 346 348 1
0 349 341 1
0 351 335 1
0 284 312 -1
0 285 314 -1
0 295 306 -1
0 300 304 -1
0 302 302 -1
0 303 302 -1
0 301 294 1
0 268 269 -1
0 276 265 -1
0 368 230 1
0 368 229 1
0 368 230 1
0 362 232 1
0 348 231 1
0 338 231 1
0 370 227 -1
0 368 229 -1
0 369 230 -1
0 369 230 -1
0 369 231 -1
0 369 231 -1
0 369 231 -1
0 368 231 -1
0 360 237 -1
0 352 231 -1
0 343 229 -1
0 334 232 -1
0 326 240 -1
0 349 237 -1
0 367 238 -1
0 374 231 -1
0 376 225 -1
0 363 262 1
0 363 259 1
0 363 259 1
0 363 259 1
0 354 265 1
0 354 266 1
0 370 236 -1
0 372 235 -1
6 97 325 1
6 97 325 1
6 90 329 1
6 90 329 1
6 90 329 1
6 91 328 1
6 95 323 1
6 97 322 1
6 95 323 1
6 97 321 1
6 98 319 1
6 97 320 1
6 93 330 1
6 93 330 1
8 62 319 1
8 62 317 1
8 63 316 1
8 62 316 1
8 62 316 1
8 60 316 1
8 60 316 1
8 61 318 1
8 61 318 1
8 60 319 1
8 59 319 1
8 58 320 1
8 58 320 1
8 59 326 1
8 59 326 1
8 59 326 1
8 455 340 1
8 455 340 1
8 451 329 1
8 448 325 1
8 447 303 1
8 444 304 1
8 442 306 1
8 441 308 1
8 438 323 1
8 439 339 1
8 443 345 1
8 446 349 1
8 448 347 1
8 446 338 1
8 443 331 1
8 440 310 1
8 440 301 1
8 441 297 1
8 440 295 1
8 440 294 1
8 438 295 1
8 445 310 1
8 446 315 1
8 447 314 1
8 451 310 1
8 453 313 1
8 453 316 1
8 453 323 1
8 453 333 1
8 453 351 1
8 451 350 1
8 447 344 1
8 439 340 1
8 438 321 1
8 438 310 1
8 440 305 1
8 445 302 1
8 448 302 1
8 455 314 1
8 456 298 1
8 455 305 1
8 453 327 1
8 451 332 1
8 450 337 1
8 448 340 1
8 444 337 1
8 440 324 1
8 442 312 1
8 442 318 1
8 448 344 1
8 446 355 1
8 447 355 1
8 444 340 1
8 442 332 1
8 442 319 1
8 450 311 1
8 457 311 1
8 726 353 1
8 722 355 1
8 716 345 1
8 713 333 1
8 712 322 1
8 712 316 1
8 716 293 1
8 709 301 1
8 705 291 1
8 705 295 1
8 707 298 1
8 702 319 1
8 701 335 1
8 704 340 1
8 708 341 1
8 710 343 1
8 710 346 1
8 713 345 1
8 709 327 1
8 708 320 1
8 707 310 1
8 706 301 1
8 708 294 1
8 710 291 1
8 710 296 1
8 713 317 1
8 710 336 1
8 712 343 1
8 723 345 1
8 725 341 1
8 727 309 1
8 725 298 1
8 717 299 1
8 718 318 1
8 716 342 1
8 714 352 1
8 711 349 1
8 707 329 1
8 704 320 1
8 710 304 1
8 719 298 1
8 720 307 1
8 722 332 1
8 724 341 1
8 716 348 1
8 696 331 1
8 696 319 1
8 699 305 1
8 551 155 1
8 551 154 1
8 555 147 1
8 560 142 1
8 557 144 1
8 553 147 1
8 552 146 1
8 552 146 1
8 553 152 1
8 558 155 1
8 561 154 1
8 560 154 1
8 566 152 1
8 560 154 1
8 556 151 1
8 555 147 1
8 552 140 1
8 553 137 1
8 553 137 1
0 269 288 1
0 275 280 1
0 274 280 1
0 273 280 1
0 273 280 1
0 276 279 1
0 277 278 1
0 278 278 1
0 278 277 1
0 278 277 1
0 278 277 1
0 271 243 -1
0 272 243 -1
0 261 248 -1
0 257 242 -1
0 257 241 -1
0 258 240 -1
0 244 243 -1
0 242 243 -1
0 242 244 -1
0 242 248 -1
0 313 237 -1
0 313 237 -1
0 312 244 -1
0 310 250 -1
0 310 266 -1
0 316 284 -1
0 315 284 -1
6 478 282 1
6 478 282 1
6 478 282 1
6 478 282 1
0 591 3 1
0 591 3 1
3 700 285 1
3 700 287 1
3 703 296 1
3 703 308 1
3 705 317 1
3 706 324 1
3 706 327 1
3 706 332 1
3 706 336 1
3 704 334 1
3 704 323 1
3 704 311 1
3 700 289 1
3 702 285 1
3 705 303 1
3 703 318 1
3 704 340 1
3 706 335 1
3 708 325 1
3 708 317 1
3 710 309 1
3 710 309 1
3 710 309 1
3 710 309 1
3 439 341 1
3 440 340 1
3 441 330 1
3 442 319 1
3 443 307 1
3 443 296 1
3 444 292 1
3 448 297 1
3 448 323 1
3 449 333 1
3 450 321 1
3 449 308 1
3 448 296 1
3 445 295 1
3 443 308 1
3 442 328 1
3 445 328 1
3 447 327 1
3 447 326 1
3 540 253 1
3 548 254 1
3 553 253 1
3 562 258 1
3 572 260 1
3 584 265 1
3 593 271 1
3 594 277 1
3 594 291 1
3 588 310 1
3 583 320 1
3 566 340 1
3 548 356 1
3 531 374 1
3 533 373 1
3 542 368 1
3 558 365 1
3 574 365 1
3 586 364 1
3 604 367 1
3 619 368 1
3 624 370 1
3 602 367 1
3 563 363 1
3 564 354 1
3 578 332 1
3 589 298 1
3 586 267 1
3 568 258 1
3 550 258 1
3 534 258 1
3 530 256 1
3 102 272 1
3 101 268 1
3 100 265 1
3 100 265 1
3 100 263 1
3 100 263 1
3 100 263 1
3 100 263 1
3 86 259 1
3 86 259 1
3 86 265 1
3 87 265 1
3 87 265 1
3 87 265 1
0 397 267 1
0 397 267 1
0 396 267 -1
0 396 265 -1
0 396 265 -1
0 396 265 -1
0 396 265 -1
0 396 265 -1
0 377 345 -1
0 377 345 -1
0 377 345 -1
0 377 345 -1
0 396 350 -1
0 396 350 -1
0 396 350 -1
0 396 350 -1
4 404 376 1
4 404 376 1
4 402 375 1
4 399 372 1
4 396 369 1
4 396 363 1
4 395 348 1
4 396 342 1
4 395 337 1
4 395 337 1
4 395 337 1
4 382 262 1
4 385 258 1
4 390 255 1
4 389 258 1
4 388 279 1
4 387 294 1
4 385 310 1
4 387 326 1
4 388 350 1
4 395 374 1
4 399 377 1
4 399 377 1
4 394 249 1
4 394 257 1
4 385 293 1
4 385 294 1
4 394 268 1
4 394 268 1
